0
0
0
98
0
0
1
98
0
0
2
98
0
0
3
98
0
1
0
98
0
1
1
0
0
1
2
0
0
1
3
98
0
2
0
98
0
2
1
0
0
2
2
0
0
2
3
98
0
3
0
98
0
3
1
98
0
3
2
98
0
3
3
98
1
0
0
98
1
0
1
0
1
0
2
0
1
0
3
98
1
1
0
0
1
1
1
0
1
1
2
0
1
1
3
0
1
2
0
0
1
2
1
0
1
2
2
0
1
2
3
0
1
3
0
98
1
3
1
0
1
3
2
0
1
3
3
98
2
0
0
98
2
0
1
0
2
0
2
0
2
0
3
98
2
1
0
0
2
1
1
0
2
1
2
0
2
1
3
0
2
2
0
0
2
2
1
0
2
2
2
0
2
2
3
0
2
3
0
98
2
3
1
0
2
3
2
0
2
3
3
98
3
0
0
98
3
0
1
98
3
0
2
98
3
0
3
98
3
1
0
98
3
1
1
0
3
1
2
0
3
1
3
98
3
2
0
98
3
2
1
0
3
2
2
0
3
2
3
98
3
3
0
98
3
3
1
98
3
3
2
98
3
3
3
98
